x;y;z;width;alpha
643.8901596840147;135.11491606133697;0;20;60
19.201509292433936;92.61957356293716;0;20;60
348.32094339886834;167.953981358061;0;20;60
314.69805480627616;108.74306114997634;0;20;60
692.9305126097084;199.73970227897212;0;20;60
797.2466663084468;160.6894710689431;0;20;60
708.4513563385509;184.7481931583969;0;20;60
973.4017785184213;208.62082988578007;0;20;60
118.17803766646726;58.84544342189735;0;20;60
997.4251682985227;224.43862711358238;0;20;60
530.3174678689758;109.66704562704784;0;20;60
140.29408671242854;132.06914653422996;0;20;60
89.6168508336352;127.56163751189969;0;20;60
564.0568144577745;113.52065163948083;0;20;60
810.1057658917758;56.94140597383133;0;20;60
849.4222269736085;92.76908714971016;0;20;60
698.8462654960313;165.6623673254933;0;20;60
149.81697623586024;2.726996734974505;0;20;60
433.12127934331943;33.30056496035871;0;20;60
65.90759115585176;75.41438805181173;0;20;60
746.9389376797074;74.94626162925283;0;20;60
545.308269175939;165.73357861013187;0;20;60
612.8640887658217;120.402619890869;0;20;60
418.6052079584211;9.352719374694574;0;20;60
573.2892274611083;22.44950109997824;0;20;60
293.321070362095;6.123653306215865;0;20;60
901.4141232729289;172.71516350141366;0;20;60
469.1299628376821;34.62055235465477;0;20;60
301.0795769004414;59.446569303131994;0;20;60
926.5885966725763;45.294866244405;0;20;60
184.30370153984805;71.92878518283239;0;20;60
354.21080079547176;1.0111608443805162;0;20;60
528.5918780003552;136.5250555773571;0;20;60
644.3659903033073;189.72495837333426;0;20;60
851.688897691658;130.3002059103108;0;20;60
573.5651991927236;131.82065900553212;0;20;60
294.9080578079835;35.65446196383088;0;20;60
550.5958233021316;46.192379844986;0;20;60
29.015334279419264;177.45346985342394;0;20;60
870.3634907726877;58.798303289218865;0;20;60
565.3969328567455;63.38614165227158;0;20;60
541.3510611053122;219.6904543862123;0;20;60
229.74464093993143;165.10143382911207;0;20;60
893.1247892267613;3.578068953772726;0;20;60
821.0381203431438;99.40946395109515;0;20;60
83.03653766121407;99.1481598690029;0;20;60
791.8757785216197;136.19317885846075;0;20;60
344.28992073885433;91.50703348092632;0;20;60
908.5405256750183;213.4906375280299;0;20;60
479.4771932045325;70.70448508071733;0;20;60
606.6506475468988;208.89411348508864;0;20;60
745.8305413174006;205.57723478617356;0;20;60
281.039548955428;66.8587364981525;0;20;60
476.8708258809327;88.08003688542978;0;20;60
815.8957792464264;193.41678226365943;0;20;60
398.2492844482972;213.71247183131706;0;20;60
141.01497482197124;184.40790408043162;0;20;60
31.097647252080428;225.13162494796478;0;20;60
286.1450408745275;94.34659417161531;0;20;60
638.081564066741;77.64961158895422;0;20;60
973.4000263298312;33.878603386626565;0;20;60
406.0522653553815;103.65270464346528;0;20;60
37.35961830033304;73.07440558133591;0;20;60
1004.0561872202786;85.40585925214965;0;20;60
179.78705232521398;229.36443977177404;0;20;60
385.7971711362407;73.70586579520754;0;20;60
383.35995725418616;171.1120114973862;0;20;60
876.3523574762972;158.61181902800152;0;20;60
699.9772701274302;126.97341124231339;0;20;60
599.2260904264481;187.34474699357853;0;20;60
819.44407774566;139.91136098118793;0;20;60
704.7267092529601;11.664421438966022;0;20;60
43.874248860519806;135.68754618894735;0;20;60
442.0433324603724;97.7327720783315;0;20;60
875.2405521494446;110.5249114286682;0;20;60
66.79899657943427;22.33421711380668;0;20;60
898.88698161606;147.30021652664573;0;20;60
827.711878870342;162.0747069626985;0;20;60
59.47837565470141;55.88395877826412;0;20;60
864.304163581276;6.859860988040794;0;20;60
138.87558301343282;225.4761896885388;0;20;60
549.4346937332259;12.205403185748086;0;20;60
962.2203825428763;134.02218500421364;0;20;60
163.2902526468725;43.290692843683146;0;20;60
567.3608166210262;95.02413084805859;0;20;60
726.1900204109355;108.78148854106253;0;20;60
435.5077780048291;163.12537861261023;0;20;60
956.3617905365008;114.15123159404;0;20;60
430.95842422620757;207.62938048395088;0;20;60
405.70865324946743;168.87489358230428;0;20;60
445.980848150434;191.26009008407894;0;20;60
941.4911528963912;76.91520966548421;0;20;60
85.67779822500052;70.54501668671453;0;20;60
712.7899587923793;42.39470256594642;0;20;60
962.4003194587685;181.50909554702298;0;20;60
174.29968732872328;140.9118218178031;0;20;60
614.091162699751;79.34029437659376;0;20;60
112.15454947292781;134.84851284955553;0;20;60
298.5405165625421;185.29574413042127;0;20;60
886.1882909327348;30.38265060188384;0;20;60
1009.044056605708;145.38602699858458;0;20;60
832.383829991545;229.40846000659064;0;20;60
366.3891753399943;152.30665168090655;0;20;60
209.52285704159024;185.58008577714142;0;20;60
971.7324834048977;4.208934449585616;0;20;60
610.6336369832557;160.6863528007839;0;20;60
166.41782297955172;96.71851006504964;0;20;60
802.8860462931826;30.539339520310804;0;20;60
659.6948731338555;203.75622383439105;0;20;60
670.3588242615805;64.77252037809154;0;20;60
483.42324326129403;119.32560536893462;0;20;60
321.9641335262406;210.60225750924687;0;20;60
413.1137347476471;83.39785069005116;0;20;60
472.78847933653304;153.60761240267655;0;20;60
964.5188537529702;91.30885025550646;0;20;60
936.5488761519854;196.75649000526582;0;20;60
403.92040849124777;134.90145807801431;0;20;60
45.67794723668529;168.753398324553;0;20;60
61.39100188226671;158.15626526240317;0;20;60
726.2893100175718;61.2272061769138;0;20;60
937.9837101704345;221.66138038099277;0;20;60
790.9606419047631;223.69559216926294;0;20;60
167.4339000553961;199.6158984982154;0;20;60
130.38376356820194;42.55518305578556;0;20;60
192.454160155061;173.1741093012358;0;20;60
153.34927098099175;212.37733218730128;0;20;60
180.16377394788242;52.83456543823559;0;20;60
630.31676469573;221.99044280552528;0;20;60
38.53409240979931;108.65041623084441;0;20;60
335.0753037046126;179.6832684611204;0;20;60
745.5141844483212;169.5436881529681;0;20;60
717.0952609698127;210.11854435320527;0;20;60
1005.1641917875511;197.90967553974585;0;20;60
689.7030997615041;104.40278514402887;0;20;60
96.1277291938063;149.82712550369482;0;20;60
263.5772449013673;208.76510881789213;0;20;60
903.0220523499166;42.92936406824043;0;20;60
223.3871913113441;204.9206074237605;0;20;60
985.9350054214752;100.30583480472853;0;20;60
521.3703898540431;209.05531777967735;0;20;60
94.59350578426543;176.4070011888423;0;20;60
792.6972685274845;204.3071419159175;0;20;60
400.0256099732216;55.83475719768231;0;20;60
839.4923835603284;209.1325065714099;0;20;60
99.32095312365074;226.72313064823754;0;20;60
119.63733529493868;215.5687333331479;0;20;60
77.57601702704501;183.32421894209998;0;20;60
415.39674922382846;46.109309610674536;0;20;60
198.04152271968348;32.500847211185686;0;20;60
339.5071340778382;19.566741986498265;0;20;60
613.5089537751414;35.134209430686845;0;20;60
521.4534891804847;92.12257923016637;0;20;60
308.871159454723;86.22106328147837;0;20;60
450.2840907399925;20.373591826021222;0;20;60
272.2682270537976;36.887850541287136;0;20;60
629.9435776428443;155.2693920369751;0;20;60
351.2109289271551;65.95543511524284;0;20;60
383.12695865008016;200.0411746969907;0;20;60
428.37333383034996;117.34061946389726;0;20;60
916.3969938233071;93.88062927568136;0;20;60
34.60611528653541;27.07683863417822;0;20;60
935.8266541355047;120.20915776363364;0;20;60
781.7209035436173;20.468748044808606;0;20;60
149.78132374094866;166.05235695401885;0;20;60
867.7916889592425;221.4843275376666;0;20;60
744.942240809429;49.812062060189206;0;20;60
922.6121409772784;63.933153685292694;0;20;60
264.02002171520894;101.92836422926771;0;20;60
383.05758983625395;92.50740181008733;0;20;60
352.77982003693097;221.90282971939016;0;20;60
133.49356334305676;97.88081570581556;0;20;60
614.9389542206449;55.900440376586985;0;20;60
391.4570569773708;17.21255280664181;0;20;60
220.6044716420415;32.41584722622389;0;20;60
457.69338971472916;117.11661194311147;0;20;60
382.656194784522;133.97122423612396;0;20;60
430.55912479345454;67.0046244614575;0;20;60
685.0882362492908;142.40000100283265;0;20;60
367.21715137006623;186.7469710894442;0;20;60
166.28081067711847;23.515376059957116;0;20;60
13.165434454756909;40.702576682661345;0;20;60
542.5456554803196;191.0018298594562;0;20;60
663.8069742627275;225.50569162952866;0;20;60
473.329147748644;208.7386675848208;0;20;60
315.7705544784622;3.010455089942417;0;20;60
562.6198951988385;220.5966610104853;0;20;60
207.1786377806088;50.96763025523696;0;20;60
825.2931778598796;120.01535701261841;0;20;60
7.962771190025322;130.24487586644747;0;20;60
733.1980588814671;14.676136907429912;0;20;60
827.6168081357362;11.481128178313245;0;20;60
124.66094891503025;18.092572992353897;0;20;60
31.464407718847507;48.64339873161359;0;20;60
741.9484626528393;121.53452710723718;0;20;60
193.05989150759092;201.7966464607935;0;20;60
227.22856771276847;223.6128531019975;0;20;60
895.087147770405;190.21524180965616;0;20;60
603.78901246166;15.617581882271574;0;20;60
12.855272170031613;158.16827543290316;0;20;60
654.6996083779942;49.898997326436785;0;20;60
456.2764121486778;62.02177990760359;0;20;60
983.2891225490606;118.7148016710448;0;20;60
725.4589175334306;174.44094898606681;0;20;60
324.909778053465;48.50271595781609;0;20;60
97.35411879945823;16.322745002306146;0;20;60
205.2490017820343;5.022226121216678;0;20;60
786.1234017337791;93.1859473578328;0;20;60
999.3007807473439;41.450608864620214;0;20;60
80.3985302089049;162.44665730075573;0;20;60
689.2217402532149;67.89719692841457;0;20;60
96.93792651387317;42.13827624206019;0;20;60
279.7170297965726;115.37885423010235;0;20;60
741.0054265739843;229.78478754990553;0;20;60
859.596292147463;188.25786791222671;0;20;60
306.8055269740778;143.32155142431535;0;20;60
922.5898292179758;22.855340677540667;0;20;60
352.7360352511761;112.23327540807888;0;20;60
222.65685428001504;105.06707011738142;0;20;60
645.9774520128557;103.68145802451436;0;20;60
447.0833307639985;79.46060147085997;0;20;60
747.5589313854598;101.93229459064767;0;20;60
574.939225197898;198.36662462566622;0;20;60
667.7235607183417;34.63750384534895;0;20;60
650.4119066569056;9.183295077554734;0;20;60
719.8718462277643;132.14268760293186;0;20;60
226.31856656941824;53.578036161105295;0;20;60
222.76744591803677;130.94444086816986;0;20;60
48.14204697701801;207.41111741127736;0;20;60
372.8981915526667;27.57203998867571;0;20;60
667.0775717182955;82.46555292373871;0;20;60
283.2356343113734;153.887067060947;0;20;60
48.299185521365295;13.27577472840174;0;20;60
106.26069052983377;81.53676237785166;0;20;60
935.4793487137432;3.5100944637715785;0;20;60
40.17548201097844;90.95190690266557;0;20;60
403.10472052998796;232.17264708393455;0;20;60
670.7207404750965;4.468099109387942;0;20;60
199.12041564308396;136.34108185721018;0;20;60
660.6371555440134;166.70377051522033;0;20;60
921.6636213731035;175.91576801290392;0;20;60
13.968625708041012;11.7859028912925;0;20;60
60.42195061154069;222.85183459354565;0;20;60
520.1576175825861;62.35923041353694;0;20;60
964.423317715695;55.785163865748125;0;20;60
331.1000367902999;71.83528187239416;0;20;60
67.6165579986265;201.2324843191533;0;20;60
828.0959276806537;46.33348400802243;0;20;60
482.35007430595226;14.737505201903343;0;20;60
1000.938977714428;20.57910348995041;0;20;60
372.1934435742798;8.338043409677278;0;20;60
921.1632671955892;140.356692518436;0;20;60
196.51224932096102;222.66116306402904;0;20;60
832.6846892435358;186.26947127121866;0;20;60
340.2957960474056;40.4343227391368;0;20;60
17.656936990969683;203.43391694774553;0;20;60
1.8211244384174263;71.20890382175835;0;20;60
968.1441319295969;161.3322321142341;0;20;60
542.815502770983;77.76277069469666;0;20;60
922.1267459136018;229.3490200117304;0;20;60
452.2945251544145;229.95584836356682;0;20;60
299.97244732628127;222.85004076533747;0;20;60
225.9312891263625;83.05161951434083;0;20;60
735.5984195921819;143.12522168783835;0;20;60
335.24202183529223;145.31554733228015;0;20;60
864.4485696207954;144.1023267209257;0;20;60
710.1788620059358;83.78846689524588;0;20;60
576.5291144204984;173.26816848113555;0;20;60
888.2928478215437;75.69273451459938;0;20;60
841.8675942417183;24.108677083291283;0;20;60
361.6302371799791;47.76407174565041;0;20;60
899.9672355436267;121.2966140043672;0;20;60
147.6285327102405;29.64212934197729;0;20;60
849.5325192823907;46.05185810818714;0;20;60
453.7652835485479;141.43880098172357;0;20;60
547.1915457724779;145.67723324477637;0;20;60
482.02557362704425;51.568323793685856;0;20;60
927.0148158803626;158.4580507500024;0;20;60
816.2881967405065;75.51449867628625;0;20;60
466.2825473983904;180.2366063651272;0;20;60
985.1255148770775;60.968650771162096;0;20;60
528.4067008068253;156.25596709816102;0;20;60
949.8457152233601;24.571840103126203;0;20;60
802.3512956187843;118.63671512192164;0;20;60
594.5734729459527;49.50522400625082;0;20;60
594.539275289131;77.12699747098436;0;20;60
533.8393485668867;37.63541409328942;0;20;60
548.4298284563475;97.78196471203374;0;20;60
278.0305579506522;186.67076989285172;0;20;60
325.66129301455624;232.646402006246;0;20;60
46.8649976776764;188.06740245874153;0;20;60
780.7294432652557;187.17096886686443;0;20;60
687.572794019484;229.78874542426303;0;20;60
116.07726888473034;185.76500193788905;0;20;60
598.9374336840677;226.39073766892173;0;20;60
528.8709768857998;10.818587155819529;0;20;60
356.6212630708906;130.93169111296154;0;20;60
300.0358209196601;165.50621705050153;0;20;60
70.71734479263957;136.11781904362263;0;20;60
672.075069617137;113.49409444362179;0;20;60
684.8069170325392;15.32032936415617;0;20;60
301.9613379552288;124.38678519073093;0;20;60
169.46963195390893;177.53015971920843;0;20;60
272.7139072846078;2.842285539693252;0;20;60
620.4264667091481;100.42960670040613;0;20;60
471.79470588538186;226.3290759859449;0;20;60
591.5484246981443;110.56116929273664;0;20;60
447.8800413476146;43.176326663672995;0;20;60
814.3094326304503;225.23798697627976;0;20;60
276.603368255851;224.1550397462209;0;20;60
692.2475188805288;43.26678618882147;0;20;60
664.8144014722475;185.96257685406715;0;20;60
167.2695512840011;116.95820005882744;0;20;60
730.4223851140322;91.27200226655873;0;20;60
341.8155673233803;201.01984288758277;0;20;60
427.2021251599584;227.95277387851374;0;20;60
892.9872468583042;95.17091478208057;0;20;60
4.163910489356142;106.396551699225;0;20;60
577.8689839999681;150.7759457588723;0;20;60
107.85942822106945;115.12596038128109;0;20;60
666.5897461428225;145.3890264421523;0;20;60
917.1014965963828;111.45639166012997;0;20;60
136.0284339823811;154.83562628173445;0;20;60
871.522768805906;81.36020788596058;0;20;60
882.7332927727024;209.26700357336878;0;20;60
321.4391850633036;163.53385442312313;0;20;60
937.4365597476026;101.0452620127868;0;20;60
979.0981297837975;231.03549160841874;0;20;60
943.7431420158348;176.14082100018402;0;20;60
429.13072243497675;141.4121095160697;0;20;60
783.2637382519137;72.00233613410191;0;20;60
66.90670660246313;4.903190423069626;0;20;60
788.4325640503863;0.5344314765921251;0;20;60
333.1382179892292;124.44546915220754;0;20;60
395.3081585479607;35.08269942946252;0;20;60
489.6104556203808;173.693901744242;0;20;60
991.6254125106079;163.45187007099764;0;20;60
211.24863212637473;161.9240990308263;0;20;60
845.1446415365347;148.6907934841691;0;20;60
619.5574070849269;188.0396588977763;0;20;60
417.5591958441607;183.65527599316687;0;20;60
264.1470997934162;125.20666779063625;0;20;60
260.045939558362;147.90572534750152;0;20;60
200.9268696932467;101.01401223369776;0;20;60
625.4799024949419;21.207297640199354;0;20;60
573.7262597129269;41.713187030886466;0;20;60
100.48079952316894;201.20820252080986;0;20;60
781.9307789825548;44.88633730394726;0;20;60
630.175526653183;0.9244155311116982;0;20;60
866.6192149263428;34.92355670523708;0;20;60
65.90168669368774;94.15346153912556;0;20;60
415.54277977529347;27.76151686874592;0;20;60
57.964805551033635;120.45694801005908;0;20;60
874.9348096303172;177.0027811604221;0;20;60
1.7358503877560705;196.0792746614784;0;20;60
520.4178343851353;184.85978198846885;0;20;60
384.601285687513;228.72834848630905;0;20;60
160.070189193776;73.5145503916899;0;20;60
1009.5682913946441;180.2154333099052;0;20;60
1006.1701709625513;102.72849758413918;0;20;60
367.33005810221084;102.02259127081011;0;20;60
144.2324943483247;57.27434108804876;0;20;60
191.13447880583877;154.40582428121368;0;20;60
186.27650184406735;18.077446049094203;0;20;60
489.3430728226599;197.72724855055208;0;20;60
847.6360840019761;70.63910854289654;0;20;60
384.3287510732016;113.2922715596984;0;20;60
801.1242344641664;84.1924175695262;0;20;60
10.44566886130347;228.58940342513975;0;20;60
877.1003321658543;130.75224678266258;0;20;60
78.7835776574327;227.12354938923593;0;20;60
128.2800224507707;116.99237438666486;0;20;60
804.3897600474033;11.323067540642544;0;20;60
27.46496168977922;145.49275329926604;0;20;60
284.0269397394633;205.34116921898578;0;20;60
892.9127909405329;228.0536601201932;0;20;60
636.0506037943147;40.69679139565473;0;20;60
749.3742143148501;29.250410940364986;0;20;60
608.0725402298983;141.3893443601732;0;20;60
681.3554132879865;160.98325450169594;0;20;60
576.8255244880412;231.24248431953373;0;20;60
956.2229365044192;215.1492835587698;0;20;60
983.2016761696904;79.33107932515014;0;20;60
844.635750088812;1.8372402635562906;0;20;60
487.2440506594345;137.4755612185387;0;20;60
442.78185029527106;1.857928988998054;0;20;60
588.4095451728632;4.877230735699476;0;20;60
560.4118966996351;186.86651546597722;0;20;60
847.1232219016625;172.38712815850278;0;20;60
311.71773792408305;25.73367223293293;0;20;60
738.504638669382;188.22510193730378;0;20;60
564.7206996940355;3.509756170185579;0;20;60
983.5556574307142;139.49342560115795;0;20;60
399.9699740615865;188.64836313583695;0;20;60
224.9537631748971;1.9221276224903237;0;20;60
949.309946928172;42.674112754101756;0;20;60
50.87345243875059;36.90229849769863;0;20;60
268.5094316811222;167.97855093606444;0;20;60
184.88485590370476;92.50385510235587;0;20;60
128.00188129480992;78.23653462869977;0;20;60
942.4245416395994;143.56654407158766;0;20;60
523.1306487471983;232.01591867754652;0;20;60
841.3327580620031;111.86544030968335;0;20;60
719.0405186455803;0.6605705271046509;0;20;60
261.8758199574255;71.31644509227525;0;20;60
185.55435040442654;113.15308976869073;0;20;60
907.6652047161467;72.7049385282181;0;20;60
746.4910803211309;0.09976162325473296;0;20;60
718.551394651237;151.72146362463076;0;20;60
205.9044977387548;72.61617152238813;0;20;60
283.8220806700282;136.45442713055164;0;20;60
386.3799895430099;151.57432149990137;0;20;60
136.90255378264214;205.08006454186616;0;20;60
983.4915282757345;181.86280148493591;0;20;60
20.979773033995187;113.65459430938446;0;20;60
781.0749311513034;113.3926085081552;0;20;60
17.578924350566094;59.72495890666605;0;20;60
320.47535058010715;190.52039278719587;0;20;60
123.93883553316051;0.39966649752847166;0;20;60
260.8604885131184;52.41795859786976;0;20;60
905.4579268395671;17.54166519678481;0;20;60
1004.6229012985497;3.206894649420178;0;20;60
959.7046425245911;73.30697381145703;0;20;60
489.69530825665305;215.08250178638374;0;20;60
590.3857189551544;32.16388750237185;0;20;60
116.13540626742322;161.54380564075214;0;20;60
1009.0719139913385;62.95589236589183;0;20;60
77.34385129274234;42.941036900658354;0;20;60
8.914070159193333;177.44806035087845;0;20;60
798.5088494932788;178.30157203608314;0;20;60
412.35190624060345;202.96486918283995;0;20;60
832.411921618126;82.9284289717361;0;20;60
704.604841650511;224.06775026314816;0;20;60
154.29967947014777;143.93777332386233;0;20;60
451.8813825491578;170.29668010291832;0;20;60
651.3290979520323;27.237250613263786;0;20;60
452.73491851214317;212.03093410944356;0;20;60
365.7367641682342;81.55943198021865;0;20;60
732.865585345331;35.597217101267844;0;20;60
1000.7782826406695;127.81070427963917;0;20;60
685.8812227486522;181.23584584307193;0;20;60
630.6167925771219;204.60253923315472;0;20;60
468.3905479662985;0.7742078390444594;0;20;60
305.80979835739197;203.87635827593238;0;20;60
678.6908708048494;211.84750569089127;0;20;60
592.0940939002203;165.26851356782623;0;20;60
592.94406199997;129.15370003050793;0;20;60
187.9797126955131;0.09174710012518128;0;20;60
31.3859205808607;0.9261742498062492;0;20;60
685.6680382163121;86.35873904510255;0;20;60
378.92661032567526;54.43413397560509;0;20;60
549.2897311013531;122.686290215985;0;20;60
365.4172336865481;207.38207213695438;0;20;60
166.01573409385233;158.51989438088214;0;20;60
203.50803723958498;118.79629339556436;0;20;60
